(1) PB
Didn't change the current of the probe beam
frequency:
11386
11386
11386
11386
11385
11386

(2) PBT
change the frequency from tuned to detuned.
frequency:
11386
11388
11389
11392
11394
11396
11398
11400
11403
11474
11547
11618
11691
11762
11834
11904
11976
12046
12117
12187
12258
12326
12396
12464
12535
12602
12672
12741
12809
12876
12947
13014
13082
13149
(3) PBDTD
change the frequency from red far detuned to blue far detuned.
10814
10890
10965
11041
11114
11189
11261
11336
11407
11481
11553
11625
11695
11768
11839
11911
11981

(4) PBB
change the frequency from red near detuned to blue near detuned.
11363
11368
11371
11375
11378
11384
11387
11390
11395
11398
11401
11405
11408

(5) PBBB near the transition F=1->F'=2
11408
11405
11401
11398
11395
11391
11388
11385
11380
11377
11373
11369
11366
11363
11360
11355
11350
11347
11343
11340
11336
11333
11330
11326
11321
11318
11314
13070

(6)PBD  in the far detuned, check the beam if it's cutted by the shield.
frequency:13077
increase the beam intensity.

(7)P    In blue far detuned to check the GSF value.

13071
13068
13065
13060
13057
13053
13050
13047
13043
13040
13037
13033
13030
13026
13024
13020
13017
13013
13010
13005
13002
12999
12995
12992
12988
12985
12978
12972
12966
12960
12951
12945
12939
12932
12924
12917
12910
12904
12896
12889
12883
12876
12868
12862
12855
12850
12841
12835
12828
12821
12813
12807
12800
12794
12786
12780
12773
12767
12759
12753
12747
12740
12731
12725
12718
12712
12704
12698
12690
12684
12676
12670
12663
12657
12649

(8)PT    In tuned  to check the GSF value.
11948
11942
11937
11929
11922
11915
11908
11901
11892
11885
11878
11872
11863
11857
11850
11843
11834
11828
11821
11816
11806
11800
11787
11779
11772
11765
11758
11750
11744
11737
11730
11722
11715
11707
11700
11692
11685
11678
11663
11655
11650
11642
11634
11627
11620
11614
11608
11599
11592
11585
11578
11570
11564
11557
11550
11541
11535
11528
11521
11514
11507
11500
11493
11485
11478
11470
11463
11455
11448
11441
11434
11426
11423
11420
11416
11413
11409
11406
11400
11398
11394
11391
11388
11385
11381
11378
11373
11369
11366
11362
11359
11356
11351
11348
11344
11340
11337
11333
11330
11327
11324
11320
11315
11313
11308
11305
11302
