T=75

(1) T
turn on the repump beam to test 
11360
11356
11352
11350
11345
11342
11337
11334
11330
11327
11324
11321
11318
11314
11310
11306
11303
11300
11296
11293
11290
11286
11281

(2) P
turn on the repump beam
11277
11281
11287
11290
11294
11298
11301
11305
11308
11311
11316
11320
11323
11326
11329
11333
11336
11340
11344
11348
11352
11355
11358
11363
11365
11369
11376(P27,19.1173)
11380
11383
11387(P30,18.6138)
11390
11395
11398
11401
11406
11409
11412
11416
11420
11423
11426
11429
11435
11438
11442
11445
11448
11452
11454
11458
11464

