Temperature:38.819
(1) P GSF near the tuned.
11388
(2) PT GSF
11675
11669
11666
11662
11658
11655
11651
11648
11644
11639
11636
11632
11628
11625
11622
11618
11614
11612
11606
11603
11599
11596
11592
11589
11585
11583
11578
11572
11568
11566
11562
11559
11555
11550
11546
11543
11539
11536
11532
11529
11525
11520
11514
11510
11507
11504
11500
11497
11493
11488
11485
11482
11478
11475
11471
11468
11463
11460
11457
11453
11450
11446
11443
11439
11434
11430
11427
11423
11420
11416
11413
11410
11405
11402
11399
11395
11393
11389
11386(PT80,measured data)
11383
11378(MaxPT82)
11374
11371
11367
11365
11361
11357
11354
11349
11345
11342
11338
11335
11331
11328
11324
11318
11316
11311
11308
11304(PT102)
11301
11298
11294
11289
11286
11282
11279
11275
11272
11269
11266
11261
11256
11253
11250
11246
11243
11239
11235
11230
11227
11223
11220
11217
11213
11210
11207



