Control Temperature is 35 degrees.
(1) P
11647
11645
11642
11640
11638
11632
11629
11626
11623
11619
11616
11613
11610
11606
11601
11597
11593
11590
11587
11583
11579
11576
11571
11567
11564
11561
11558
11554
11552
11548
11543
11540
11537
11534
11531
11528
11524
11521
11516
11513
11509
11506
11503
11500
11496
11494
11488
11485
11482
11478
11475
11471
11468
11464
11460
11457
11453
11449
11446
11443
11440
11436
11432
11428
11425
11422
11419
11415
11412
11409
11404
11400
11396(didn't save)
11393
11389
11387(P75,4.292791990517485)
11383
11380(P78,4.380468746161876)
11374
11371
11367
11364
11361
11357
11354
11351
11346
11342
11340
11336
11334
11330
11328






